1000
0
0.01140901125963014
1
0.01131135369162599
2
0.001670505391507073
3
0.007025089594715515
4
0.02267382478115023
5
0.0216867202831611
6
0.015664618853158424
7
0.024061778986845295
8
0.005852195664190248
9
0.012202150261422622
10
0.046522545141998335
11
0.050967377847252464
12
0.033243884538509905
13
0.03472013802571343
14
0.04310592537042507
15
0.02377614847246684
16
0.020395649281311108
17
0.03669015661015354
18
0.021450451078975617
19
0.01792295832327866
20
0.009865241430152842
21
0.028451953088224232
22
0.009650643044099417
23
0.024647156742300953
24
0.011791174945229238
25
0.013091828594629283
26
0.01927972674338925
27
0.004750591947357919
28
0.011591892196888831
29
0.01107788238567999
30
0.007768521051012342
31
0.013434889580477376
32
0.006971955454509171
33
0.012170540468930768
34
0.01307432949441445
35
0.004790847692588986
36
0.006275152708567612
37
0.013874047482768876
38
0.00978971251955808
39
0.0058244368371768475
40
0.00802070342172162
41
0.004884827894701012
42
0.013418596926567616
43
0.011270162154716391
44
0.006253631073169189
45
0.0015650068495956858
46
0.0072410978291606014
47
0.0022423991982372647
48
0.01177240196531681
49
0.006591165061959009
50
0.006819792963630581
51
0.0037621345362792587
52
0.008836270664536386
53
0.0026633385921057276
54
0.00442655187704004
55
0.00454467263175794
56
0.004160234926715774
57
0.010186484855136646
58
0.004952706839785449
59
0.005636125813456955
60
0.008488392146145683
61
0.007707902411160244
62
0.00267353533904424
63
0.0021556349402344385
64
0.001980515896227471
65
0.004450208104843002
66
0.00705047100428771
67
0.002130651284229638
68
0.006399867484845468
69
0.00511260049943438
70
0.009330271480473771
71
0.007800453993902949
72
0.002931472260245033
73
0.004765957493055079
74
0.0017043211410751114
75
0.0015786541492940208
76
0.0033345362917471077
77
0.003720834639055045
78
0.00289139068201977
79
0.0027961137595865345
80
0.002330243080567008
81
0.002737374809161254
82
0.00390556466764314
83
0.0010658060592833526
84
0.00712755572195561
85
0.008021801025431052
86
0.0021641440482552594
87
0.0031806785830155375
88
0.0008948400805442543
89
0.0024110421151242283
90
0.0030034706799365635
91
0.0024252835313480527
92
0.0015023322037015085
93
0.0034888221623865746
94
0.0020614019388615814
95
0.0024510695561631925
96
0.003262237521565285
97
0.0015144596005050074
98
0.0019209018877928748
99
0.004441607407566133
100
0.004093535899158393
101
0.005012358806921802
102
0.001971703939559517
103
0.004009754310659475
104
0.0035121394186496285
105
0.0032803041952324976
106
0.004138760135179923
107
0.0021819981367334628
108
0.00108005198375418
109
0.0013124801935079531
110
0.004256931149529054
111
0.0009948700201827716
112
0.0019460636370436579
113
0.0017062006668142379
114
0.0018994866733529254
115
0.002071030305080254
116
0.0017466908592056274
117
0.002137228552658106
118
0.0020535536065477778
119
0.0011109367000982544
120
0.0017390274121767996
121
0.0018805340919951443
122
0.0013202683962630776
123
0.002909515213750894
124
0.001956445419569802
125
0.0010701033624495183
126
0.0012245806435393037
127
0.001564726956871155
128
0.002920879134547098
129
0.0012324611566702855
130
0.0020616083651342366
131
0.0013974399777506358
132
0.002645623802539124
133
0.0017911418390452684
134
0.0008239099452071294
135
0.0019230604876469678
136
0.0018494724402853512
137
0.001105518147634659
138
0.0015110552403410583
139
0.002299336470346908
140
0.0027110335986988985
141
0.0012035979085465952
142
0.0013086827955315079
143
0.003001794142946585
144
0.0018124721187963268
145
0.0008725650984932599
146
0.003272282697445296
147
0.0028462131027582618
148
0.0031957730077560803
149
0.002545002142840333
150
0.0016793226091980644
151
0.0012910047438786105
152
0.0009201389910384597
153
0.001116122791292823
154
0.0015309198770756692
155
0.003177181299795996
156
0.0010002168080410405
157
0.002203038657303214
158
0.0009911955323398732
159
0.0014396090807239522
160
0.0020305327733768645
161
0.0015111755785642792
162
0.0024890997111121386
163
0.0015936385540179163
164
0.000900245934787108
165
0.0020749633069735395
166
0.001658432884992111
167
0.0012962035261842155
168
0.003506107841236672
169
0.0018841267233647434
170
0.0016694063848560268
171
0.0014264235712741714
172
0.0033632723006161973
173
0.0012047783083941838
174
0.0006695933113812549
175
0.0009257301482858716
176
0.0017210435490184817
177
0.0007239527840274509
178
0.0014154241857681374
179
0.0021007909627792044
180
0.0018177996804269291
181
0.0008923790221333233
182
0.0026700950304016503
183
0.0007188446123342009
184
0.001560953267044981
185
0.001966935786349364
186
0.0020197956195040015
187
0.0023717688590952374
188
0.0014175286985052575
189
0.0006549697735695465
190
0.0012226595672983748
191
0.0009446860234487429
192
0.0009900176746947824
193
0.001330516088038063
194
0.0011840819387550381
195
0.0007311883458418465
196
0.0005664052219764321
197
0.001626534670459104
198
0.0007108998406151172
199
0.001159191114032313
200
0.0010124380037659652
201
0.0014910024255917977
202
0.0006064309443558218
203
0.0023864805449346715
204
0.0009181087367695522
205
0.0015059134435470422
206
0.0005910191307592777
207
0.001425175875920867
208
0.0011112724594908147
209
0.0009217743866234265
210
0.0013186281370225384
211
0.0007323295132886231
212
0.00037323509947581433
213
0.0016729038840223804
214
0.0009984198744071584
215
0.0007392204764781104
216
0.0009337999669896837
217
0.0022813437033392353
218
0.0010285591900632415
219
0.0005410291002168931
220
0.0025962620903478895
221
0.0006243472288139795
222
0.002334899166342238
223
0.0007075430030251271
224
0.0013030066023396094
225
0.0008819263677445904
226
0.0025098331338377676
227
0.0011570286064052926
228
0.0007568601312907031
229
0.0021432408639201323
230
0.0009954034597313415
231
0.0021346248241349403
232
0.0005831225860016972
233
0.0009739914038747128
234
0.0008743978400992315
235
0.0007314199774997933
236
0.0004547473586197526
237
0.001904781606331722
238
0.0011783200357068828
239
0.0011519897674549075
240
0.0008020977636646498
241
0.0015988547090770812
242
0.0008625368801967957
243
0.0006228876895749365
244
0.0015081870336700143
245
0.0016168731621499218
246
0.0008633868855114247
247
0.0009372440975912121
248
0.0021214031020807627
249
0.000841482370593902
250
0.0013309438821710576
251
0.0005721520011693764
252
0.0006338065684894873
253
0.0009560260797251462
254
0.0006817928947455358
255
0.0006036786921167155
256
0.00033397296430739964
257
0.0009905935235879175
258
0.0008176891018559389
259
0.0017565058675751205
260
0.0009621877076028857
261
0.0007934077307745827
262
0.0018333935681503644
263
0.0014335171750518038
264
0.0013476584891394703
265
0.0012641269027389695
266
0.0013548958820044693
267
0.000611478285104128
268
0.00037120797589806117
269
0.001305554563191255
270
0.0009081002489549055
271
0.0003286310549071852
272
0.0005538414579032532
273
0.0005153883689118998
274
0.0015666356515440555
275
0.0015839905231284166
276
0.0002861705910867005
277
0.0009434181983070805
278
0.0011621772098441329
279
0.0021871728629064484
280
0.0006893364719225937
281
0.0008945934498665054
282
0.0011479213832582807
283
0.0015815999640568898
284
0.0006168841282569531
285
0.00101452788782612
286
0.0010604530792568798
287
0.0005819697657837425
288
0.0012790094891158915
289
0.0006526955369997249
290
0.00037655836888890595
291
0.0004133495607608302
292
0.0004849002248357494
293
0.0011413068239763458
294
0.0015332488597215555
295
0.0011185684083823322
296
0.0005077031573714557
297
0.0008477616607770486
298
0.000864606056126712
299
0.0011946207082399734
300
0.0011398111270448509
301
0.00044541199950214424
302
0.000272539213619859
303
0.0005066375632277515
304
0.0002820874541228743
305
0.0009243615634443783
306
0.0007181740485728712
307
0.00047394425435666633
308
0.0008082372313753975
309
0.0005149115460658095
310
0.00028195049088114264
311
0.00044429453425078936
312
0.0008527644621364737
313
0.00024522890588640474
314
0.0004278831318486251
315
0.0005533348619053342
316
0.0009931075237479524
317
0.0004150043763642395
318
0.0008217435735606776
319
0.0008183240221342076
320
0.00108550786212099
321
0.0002886452280509897
322
0.0009460684357518119
323
0.0015299405082714005
324
0.0007220642429129616
325
0.0006403508985504342
326
0.0007308459721965452
327
0.001149480098002485
328
0.0007690179024600195
329
0.0005865154720433148
330
0.0007838253248788509
331
0.0009460639276336362
332
0.0006093887715152681
333
0.000288181166858583
334
0.0008228958773505931
335
0.0010127792983853077
336
0.0010718282863856324
337
0.0008949336680317255
338
0.0013604899471830936
339
0.0009302855262905064
340
0.0006672221008346239
341
0.0003668169131081583
342
0.001532466093036476
343
0.0010039698737062965
344
0.00024507145388546147
345
0.000545924354238002
346
0.00047431687535082515
347
0.0013424861527172533
348
0.0004052120794520974
349
0.0007435515014804301
350
0.0004242250415823683
351
0.0017281056263871494
352
0.00021522947611526648
353
0.0004024900216672347
354
0.0011395947686207984
355
0.001157337945792213
356
0.00044785761473128635
357
0.002063497575116025
358
0.0006608218763088028
359
0.000997533506112309
360
0.0010457264348664413
361
0.0008999114051805377
362
0.0006987508261649926
363
0.0003153954723805393
364
0.0005632787047863771
365
0.0011696887010153101
366
0.001015877177650606
367
0.0007382688916306253
368
0.00047722663959596877
369
0.00023408146866321617
370
0.0004107948142698898
371
0.0005435552201447576
372
0.0005805278129133164
373
0.0004870659235410455
374
0.00030073134028585054
375
0.00014974228908432575
376
0.0008311542580298909
377
0.00036553442593706
378
0.0010165081136066464
379
0.0005518190963629315
380
0.0004132862564471821
381
0.00028877869207225606
382
0.00035313352084174495
383
0.0007216832273218287
384
0.00096864359993861
385
0.0005951105883322059
386
0.00048256431921089166
387
0.0011257188973745843
388
0.0006135572472385248
389
0.00060040231909804
390
0.0010823936526400926
391
0.00048454402723562413
392
0.00037648677738446587
393
0.0011204616922107218
394
0.0010005535389960418
395
0.00024547845916781633
396
0.0007694732415175233
397
0.0012320973915339714
398
0.0005417018951788795
399
0.00035387135828108705
400
0.001020865907428612
401
0.0005925430176313309
402
0.0004564524080965548
403
0.0001302161948053483
404
0.00046052675134833126
405
0.0007916684381240439
406
0.0007314560229656039
407
0.0007116862315217168
408
0.0003599397549887876
409
0.00096938385233549
410
0.0004751766937557996
411
0.0004266604198527922
412
0.0004234669078869556
413
0.0009331399177236502
414
0.0010331113068777593
415
0.00047013551611548525
416
0.0012203875662355086
417
0.001180819868671982
418
0.0001876798348874894
419
0.0006917790957674071
420
0.00031829911090887233
421
0.0010294261981976102
422
0.00043192581726320654
423
0.0006133448527357951
424
0.0007976181161553211
425
0.00059828964719739
426
0.00041070752569888135
427
0.00021149434823544558
428
0.0003373873864680324
429
0.0006098869004001952
430
0.0004807008644238547
431
0.00035402216882455043
432
0.0009896070362152252
433
0.0002835299998264626
434
0.0005528401777283968
435
0.00033211070153319085
436
0.00047395695499427955
437
0.0007160290337614269
438
0.0003889048463835602
439
0.00035200171933823596
440
0.0008873142870431771
441
0.0010470867247478071
442
0.001143332891904178
443
0.000375702563065681
444
0.00043749147025329754
445
0.0007067727207106734
446
0.0007742457678773828
447
0.000273783155378494
448
0.000571583541065757
449
0.0007983301708555455
450
0.00048128326395008287
451
0.0005421773394087446
452
0.0005674923375080942
453
0.00041775187462850857
454
0.00020232607174153365
455
0.00021318362838917732
456
0.0005931642669143335
457
0.0003011825056355426
458
0.0007520155106986104
459
0.00042986372147461795
460
0.0008784473858599218
461
0.00039294534023294497
462
0.0006117622504769856
463
0.0004041029624373727
464
0.0005351133925392947
465
0.0002996914176915062
466
0.0006011157896148645
467
0.0003709502242602954
468
0.0007417053753200661
469
0.0004893902311477254
470
0.0004901007916363092
471
0.0007401861481149786
472
0.0003389696514336058
473
0.0006484714962463322
474
0.001509195726541103
475
0.0004976948943178075
476
0.0005119496223683168
477
0.00044778220230524263
478
0.000383937924237126
479
0.0004299865114870451
480
0.00039664679286932804
481
0.00028612322994529176
482
0.0004215231817025053
483
0.000368240086241717
484
0.000380910807475131
485
0.0008566813823024661
486
0.0006336602766565313
487
0.00019952494559748302
488
0.0010675343336790384
489
0.0011864398159556861
490
0.00037955424939012085
491
0.0003413722287197038
492
0.0005027882777330872
493
0.0008988433906784505
494
0.00042031980977170217
495
0.00027987700010763346
496
0.00025899688425570707
497
0.0005176327271314028
498
0.00030650951834592386
499
0.00039116031574025636
500
0.00026315804597953587
501
0.00038785851224998184
502
0.0003234586904946394
503
0.000207147277836597
504
0.0005610452521618934
505
0.0005599091000705596
506
0.0003354895582940434
507
0.00032892330025242303
508
0.0005695879869437347
509
0.0005781458934546383
510
0.0005221257395440323
511
0.0008250940170411399
512
0.00047630131065159504
513
0.0006266677486143503
514
0.0004365862848809222
515
0.0006936958845974074
516
0.000364766846168354
517
0.00018889531176378193
518
0.00034815869003276416
519
0.0005607758696636615
520
0.000367648812614014
521
0.0003850820297499688
522
0.0006563901163170835
523
0.0003314013352105532
524
0.0003806224217274667
525
0.00043468923186728393
526
0.0005170967869843954
527
0.0005948973686461807
528
0.0008125353942352073
529
0.0004692920150654701
530
0.0005288504207962254
531
0.000687001151625627
532
0.0006108460612739256
533
0.0004687624257196539
534
0.0012497533764112747
535
0.00023901869759528866
536
0.0005836362996281483
537
0.0003498840530202742
538
0.000437277058793586
539
0.0005512255305422563
540
0.00048063230960660385
541
0.0003984612360140688
542
0.00022754198691328677
543
0.0003647297719114171
544
0.0002951294406697672
545
0.0005395785487766883
546
0.0006198444996240979
547
0.0003468571246452772
548
0.0003614026317829988
549
0.00036704599690364664
550
0.0003600840682069093
551
0.0005039963364596378
552
0.0004064167898570883
553
0.0008504319663762138
554
0.0012223223190518074
555
0.000596559519284859
556
0.0003325037418808333
557
0.0001760614427572596
558
0.00033880378443850763
559
0.0003944379639431394
560
0.0003664288080475098
561
0.00033581709547550253
562
0.0002487548325835917
563
0.0004946204432031563
564
0.0002434467446847779
565
0.0006092359590219364
566
0.00046223021395965116
567
0.0001700053552591041
568
0.0006009980707267364
569
0.00032915288502099994
570
0.0002946688992741724
571
0.0003255280205865047
572
0.0002603672525891303
573
0.00043904769610386495
574
0.0003876170219892103
575
0.0007007228440497848
576
0.0008413607848525682
577
0.00023892043271319736
578
0.0005472538621861222
579
0.0003239996130089911
580
0.00047647017854643236
581
0.0005261306673487985
582
0.00027277460686783077
583
0.0011060237433279144
584
0.0002810450811768087
585
0.00046320703281235547
586
0.0010914483577017058
587
0.0004114157838992638
588
0.00021242082378635462
589
0.00028438630675666735
590
0.00027680020818324875
591
0.0005132395783059822
592
0.00046949197746238793
593
0.0004045793201130003
594
0.0006766127802516796
595
0.00013652715037456596
596
0.0004749389539754157
597
0.0005521034018433958
598
0.000377551911108461
599
0.00033195377081559854
600
0.0005751453485730658
601
0.00016997021895720027
602
0.00032685174353093335
603
0.0003990905726560698
604
0.0004244112449700636
605
0.0005979614965167897
606
0.000605923120809111
607
0.00039515548410688273
608
0.0003393457759815088
609
0.0002766803673973063
610
0.0003294108475163515
611
0.000388870662511978
612
0.00014391565821426705
613
0.0002968698798925022
614
0.00041622746721945846
615
0.00024169992336426613
616
0.0006184508597155208
617
0.0006105988393216295
618
0.00019329134773853814
619
0.0003050279347432247
620
0.00014354286281749614
621
0.0002617544024330924
622
0.00029019535330492523
623
0.00018493528882637062
624
0.00026012137890034007
625
0.00015170742165681995
626
0.00029391464933012476
627
0.00011487936383190085
628
0.0002031736403431052
629
0.0003956482219160927
630
0.0004354860093400912
631
0.00036109000145933683
632
0.000373364207203397
633
0.00021500200780399215
634
0.0005320014435419792
635
0.0004892529716975488
636
0.00027879261989641185
637
0.0002812879732029267
638
0.00022021432167287455
639
0.0003646918123994873
640
0.00021358371202748812
641
0.0005162307800593948
642
0.0002816179939579241
643
0.000390606428938021
644
0.00025679819820221265
645
0.00039840972078774596
646
0.00037152518862647104
647
0.00027860056958861585
648
0.00037487986648054454
649
0.00044213733999012237
650
0.00029653134466192356
651
0.00031777306940942144
652
0.0003620307792947801
653
0.0004273043584508504
654
0.00044596407810058197
655
0.00034440206937003896
656
0.0007797945711519477
657
0.0002131272231706289
658
0.000576018148429842
659
0.00012676678004318185
660
0.0003385003908870834
661
0.0003679103631905634
662
0.0002521296507795933
663
0.0003070688038467881
664
0.00020196966966279693
665
0.00023270124508884045
666
0.00023946797786627126
667
0.0002585570548462101
668
0.0001651041343078628
669
0.0005052572541912313
670
0.0004466779382243137
671
0.0005035190093414188
672
0.0005347059699268273
673
0.0002365070152181097
674
0.0003002097070151919
675
0.00026306312217812055
676
0.0002122218556653835
677
0.0001718231486581352
678
0.0002865371947013758
679
0.00045110030865518866
680
0.000461497708728588
681
0.00035208555325097284
682
0.00046111474633960914
683
0.000231238240015469
684
0.0001736511185466845
685
0.0003878570402190942
686
0.00025727266135091166
687
0.00022238568421272429
688
0.0003321331599442759
689
0.0006443956018866742
690
0.00042297829002009243
691
0.0003890355078401052
692
0.00021383089716214254
693
0.0004074383910318919
694
0.0003800515865308846
695
0.00028526307081187027
696
0.00043339490754961156
697
0.00036616591196860995
698
0.0006180980221793168
699
0.00040343944102402477
700
0.0008021628668088027
701
0.00039568954323023126
702
0.0004709491540538001
703
0.00029101881580464496
704
0.0002831800894980803
705
0.00025171698074139497
706
0.0003515269835491988
707
0.00028806247818890656
708
0.00027869052608682087
709
0.0006162384441326664
710
0.00033613096555365127
711
0.0004660821306583354
712
0.0005552717033941926
713
0.00024155482246447654
714
0.0004955185071848662
715
0.000359916417658767
716
0.00034343819341701125
717
0.00022595545077255742
718
0.0004969489537920931
719
0.0001613446096202058
720
0.0003387521858061556
721
0.0005084394946942058
722
0.00044299761967057737
723
0.0003482475499815293
724
0.0002729594192475631
725
0.00019998687560911135
726
0.0001826952703786015
727
0.00021451743285777044
728
0.0006767366098248184
729
0.00023384656358686116
730
0.0003768665108052119
731
0.00025018726777241597
732
0.00044943963827973185
733
0.0003708527615610376
734
0.00025850426445889137
735
0.00018168732584801647
736
0.00022547424113128492
737
0.0002799207702376164
738
0.0003574471886392504
739
0.0005021890248745045
740
0.00023903956655749496
741
0.00037554544921033573
742
0.00021500589028891623
743
0.0002616833037570517
744
0.0004931284371621197
745
0.00024258715739774138
746
0.00028446869100997565
747
0.00033653001792542257
748
0.00023884879958617513
749
0.00021868575820358941
750
0.0002069591450643444
751
0.0003259263817370148
752
0.00021390492928420002
753
0.00020499090137556983
754
0.00019433349209005228
755
0.00014347181179461593
756
0.00040616071917893285
757
0.00039374157564114036
758
0.000272701464135504
759
0.0003409861035419889
760
0.00018752916250372456
761
0.0002264042173001112
762
0.00021929590689438776
763
0.00016474219751363173
764
0.0006090448854927404
765
0.0002318066061464847
766
0.00027300749741524893
767
0.00019850262365800426
768
0.00031620385969004575
769
0.00038115230058084147
770
0.00029778764190004916
771
0.00019521091475358903
772
0.000242805903005451
773
0.0002822577696970761
774
0.000353300468180225
775
0.0005757414085507109
776
0.00027382410875847297
777
0.0003496242939949407
778
0.00018792088271664663
779
0.00031120452790950445
780
0.00039976959586632337
781
0.00027544839739481245
782
0.0004555712645537343
783
0.0004510674677499068
784
0.0002754193770174532
785
0.00040497812278213484
786
0.00033518785808297867
787
0.00019281493496705557
788
0.00013482810519624755
789
0.0004609416710298824
790
0.0002784042238889471
791
0.00017623981767164756
792
0.0002983858222977528
793
0.00019501492768001383
794
0.000295237359895544
795
0.0002011425583485769
796
0.00031354774902347737
797
0.0004943412443292122
798
0.0002296072956863958
799
0.00043714179085067357
800
0.0002667998738369403
801
0.000434020100740469
802
0.00028621816469965276
803
0.0004068560365107321
804
0.00015467865017959815
805
0.00023790119036546655
806
0.00014477908537092657
807
0.0002283175974548453
808
0.0003131972643986187
809
0.00025869172619359394
810
0.0001612605125068496
811
0.00018205175148884432
812
0.00017334526199128507
813
0.00016074499918393
814
0.00020625289116302497
815
0.0004126271629842276
816
0.0003384057821069463
817
0.00023932635508974338
818
0.0003661782505203587
819
0.00026362008250042706
820
0.00012161924339702326
821
0.0002807466335084179
822
0.00041768378451212184
823
0.0001943368639327503
824
0.00015175591415277269
825
0.0003753405720565044
826
0.00026649565482150556
827
0.0001872938599943656
828
0.00021371306426504647
829
0.00038527575645862065
830
0.0003741299405424011
831
0.00022848636997983515
832
0.00025583457707482643
833
0.00022721649772277147
834
0.00042820703133079576
835
0.0004572823988937686
836
0.0002529733480850623
837
0.00030533549929213623
838
0.00014368636384569933
839
0.00028421470810974925
840
0.0003608367855003874
841
0.00018258138732207013
842
0.0001748960201942278
843
0.0001433920776654584
844
0.0002664998106301069
845
0.00020856631275231545
846
0.00018312940826716628
847
0.0002709616169954968
848
0.00020116841213183517
849
0.00021457407904866286
850
0.00045511540306247334
851
0.00024272811364520753
852
0.00021537059539870809
853
0.0001663948335525649
854
0.0002044624090350712
855
0.00020088213828868754
856
0.00015734034560492723
857
0.00019494744338931244
858
9.316230217858283e-05
859
0.00030161489920206265
860
0.00014561338989083902
861
0.0002904967125031256
862
0.0001638714008413215
863
0.00031250537035352376
864
0.0002589534334029434
865
0.00023014094284607253
866
0.00016875063264379817
867
0.00020113971116708375
868
0.00023759985672141434
869
0.0001693024546044483
870
0.0002948446594202997
871
0.00032441868272029727
872
0.00030794830231678174
873
0.00020715478606336634
874
0.00027959006561008537
875
0.0002724318897412705
876
0.00039490578003828594
877
0.0003272197253970222
878
0.0002668401904095857
879
0.0003353567885895837
880
0.0003149393969998619
881
0.00024562392801313085
882
0.0002873446880116783
883
0.00027960764527665445
884
0.0002866855038268576
885
0.0003850385247732331
886
0.00027307234108477746
887
0.00028739958976210024
888
0.0003129265329613804
889
0.00018819411449667596
890
0.00030985635143594345
891
0.00025251037760720365
892
0.0001989298158609653
893
0.00018277635822893184
894
0.0003376927358674808
895
0.00017330683319426626
896
0.00026763658128000625
897
0.00027856048260737026
898
0.0002442733461822431
899
0.0002625050136002953
900
0.00015267546013795274
901
0.0003900352934434783
902
0.00025592877171603016
903
0.0002824803148932164
904
0.00024802596046816076
905
0.00016787301762400317
906
0.00023594804082476613
907
0.0003441393098567482
908
0.00017455221954320102
909
0.00020914983254300207
910
0.0004133748772077823
911
0.0002275364761579778
912
0.00026248794175991376
913
0.00045117183934161785
914
0.00020297614825064055
915
0.0003602132242265651
916
0.0004482184237231386
917
0.0003200438319629481
918
0.000256642876457833
919
0.0002722474322579024
920
0.0001458508609971321
921
0.00016103213144042655
922
0.00021044654988504585
923
0.00022217517576276507
924
0.0003181911435751007
925
0.0002721178846588324
926
0.00024196951433619118
927
0.00022269619208802922
928
0.00018815086810090916
929
0.0002397995316481775
930
0.0003543068701185558
931
0.000307292954049368
932
0.00028642117240811407
933
0.00023861289538424063
934
0.00029333929670151106
935
0.00018374514705528892
936
0.0002546567995648221
937
0.0003480337107808818
938
0.00019549227388831442
939
0.00021883278961840324
940
0.00016271748934137872
941
0.0001984294846387601
942
0.00027831420916779397
943
0.00021046180945256
944
0.0002600686267461369
945
0.00022417196616056527
946
0.00025826025693228546
947
0.0002126541911833402
948
0.00017564215535840273
949
0.00019504885692904687
950
0.00019432074095136975
951
0.00012894223548024614
952
0.0003053964081552675
953
0.0001666122037692614
954
0.00031069570621114956
955
0.00028225598048273426
956
0.00018373313393933453
957
0.0003909747588316405
958
0.00022250956527162014
959
0.000231350005350937
960
0.00017016121958069163
961
0.00017960966627401925
962
0.0003112589916358692
963
0.00025195282866249334
964
0.00022186147923766296
965
0.0002563590856661429
966
0.0002637337811777623
967
0.00016101652159934582
968
0.0002825434831924925
969
0.00023194151893111593
970
0.00027599192123210515
971
0.0001771941401029769
972
0.00022311110752541147
973
0.0003423651006263577
974
0.000275321432699216
975
0.00021833750278274323
976
0.00023862667487445352
977
0.00018021469771520182
978
0.000305549291013343
979
0.0003083499742349897
980
0.00024141162309042363
981
0.0003140189320121249
982
0.00017346610128960113
983
0.0002589853648232088
984
0.00016778848703584336
985
0.00020698688292701003
986
0.00028753748897408554
987
0.00020004394888330912
988
0.00026320676211557105
989
0.00017857717114945715
990
0.00013876622547997697
991
0.00025541488913513296
992
0.0002612846899059164
993
0.00017171374268036178
994
0.00019728115228513193
995
0.00015992674806322802
996
0.00020705275520019814
997
0.0003222546784977983
998
0.00019939732498714817
999
0.000330933485531605

[11 10 14 17 13 12 21 23  7 15]
1 11 0.050967377847252464
2 10 0.046522545141998335
3 14 0.04310592537042507
4 17 0.03669015661015354
5 13 0.03472013802571343
6 12 0.033243884538509905
7 21 0.028451953088224232
8 23 0.024647156742300953
9 7 0.024061778986845295
10 15 0.02377614847246684