0.056632348530516616
2
10
[[0 0 0 0 1 0 1 1 0 0]
 [0 0 1 0 0 0 0 0 1 0]
 [0 1 0 0 0 1 1 0 0 0]
 [0 0 0 0 1 0 0 0 0 0]
 [1 0 0 1 0 1 1 0 0 1]
 [0 0 1 0 1 0 0 0 0 0]
 [1 0 1 0 1 0 0 1 0 1]
 [1 0 0 0 0 0 1 0 0 1]
 [0 1 0 0 0 0 0 0 0 0]
 [0 0 0 0 1 0 1 1 0 0]]
0 [np.int64(4), np.int64(6), np.int64(7)]
1 [np.int64(2), np.int64(8)]
2 [np.int64(1), np.int64(5), np.int64(6)]
3 [np.int64(4)]
4 [np.int64(0), np.int64(3), np.int64(5), np.int64(6), np.int64(9)]
5 [np.int64(2), np.int64(4)]
6 [np.int64(0), np.int64(2), np.int64(4), np.int64(7), np.int64(9)]
7 [np.int64(0), np.int64(6), np.int64(9)]
8 [np.int64(1)]
9 [np.int64(4), np.int64(6), np.int64(7)]
[3 2 3 1 5 2 5 3 1 3]
0.30111646446469686
0.3004475463811833
0.2996539792387543
0.2991234689731236
0.29529780564263325
0.30002986114567265
0.2964692389612517
0.2992534660504799
1000
0
0.0008088921253909756
1
0.0007917097109968027
2
0.0005382023545872969
3
0.0007451898662854804
4
0.0006835992552451906
5
0.0005912577003091227
6
0.0006801629563334668
7
0.0006014636862552164
8
0.0007084340825943749
9
0.0006886764845308272
10
0.0006636224528804486
11
0.0007865648522822114
12
0.000618569397649328
13
0.0007042155811920459
14
0.0005967261682545392
15
0.0006246768946849214
16
0.000879116330910124
17
0.0007078832494657801
18
0.0007674636629141296
19
0.0008279286551365772
20
0.0007174232147082147
21
0.0006243509664990467
22
0.0007917132126165354
23
0.0006959156164592925
24
0.000655938441347304
25
0.0006340585966184973
26
0.000660750970052407
27
0.0006705660373676714
28
0.0006489277927968016
29
0.0007370968152579906
30
0.0007984038570288098
31
0.0006309947777197786
32
0.000846298998468866
33
0.000652108290077906
34
0.000732644230809406
35
0.0007498378785514569
36
0.0008447004382172804
37
0.0008021002239722632
38
0.0006996430126624983
39
0.0006707339233856716
40
0.0007036339458937222
41
0.0007370337211087921
42
0.0006698524732544808
43
0.0007020402518883797
44
0.0007684593262634412
45
0.0006520651436656429
46
0.0006651173136396987
47
0.0008556445286470063
48
0.000820222591374434
49
0.0006688575183394816
50
0.0008111070595233699
51
0.0007291546293363992
52
0.0006658309096550077
53
0.0007374191677066378
54
0.0006890291653552758
55
0.0006781345943051538
56
0.0006734762853538398
57
0.000681243604557005
58
0.0006435248744596934
59
0.0008331534545669093
60
0.0007492781237165944
61
0.00073818843860144
62
0.000758039139538789
63
0.0006416979299812344
64
0.0006647363951910809
65
0.0006924699451133394
66
0.0006283343307107181
67
0.0007193812413356307
68
0.0007425077917081579
69
0.0006279275813322164
70
0.0007616442536440437
71
0.0006335365732542848
72
0.0007167809325729001
73
0.000756492101720083
74
0.0007052726274892166
75
0.0006826533507006124
76
0.0007333097993008099
77
0.0006935423481212877
78
0.0007296387402800618
79
0.0006606978722780065
80
0.0006770664155038368
81
0.0007102588793745876
82
0.0006457818414305562
83
0.0006902118943631296
84
0.0006542495835451181
85
0.0006522877039532983
86
0.0008099874342889933
87
0.0007395633220094005
88
0.0006875037657364452
89
0.0005957360670411666
90
0.0007280306546685469
91
0.0006816794210447372
92
0.0006770673237345254
93
0.000683497792640828
94
0.0006870174515460093
95
0.00067511274931714
96
0.0007596430468954086
97
0.000710952686699137
98
0.0007169018370494585
99
0.0006968447531822028
100
0.0007898304012401285
101
0.0007617148457073026
102
0.0007019462737991095
103
0.0006829036122578507
104
0.0007711880717823401
105
0.0008384912098182295
106
0.0007202630558503205
107
0.0007129740409281715
108
0.0007869034475170085
109
0.0006048994286273976
110
0.0006732850786170017
111
0.0005985140421981237
112
0.0006888994076949011
113
0.0007614122906086227
114
0.0007393544701812233
115
0.0006865945915564188
116
0.0006541824034159742
117
0.0006381010502222852
118
0.0007942914042082921
119
0.0006305695486108851
120
0.0007059396900397728
121
0.0008063130717060533
122
0.0007933745406628125
123
0.0006938567389652915
124
0.0007836176700850546
125
0.0007475509582560077
126
0.0006612837678097132
127
0.0007509968526193208
128
0.0006930120785183315
129
0.000699742423684369
130
0.0007267694091746073
131
0.0007076642971872521
132
0.0007167255652479224
133
0.0006951458627023292
134
0.0007254560099124579
135
0.0007660430806531546
136
0.0007320201465246477
137
0.0007450425623615512
138
0.000747265990378944
139
0.0006855936555161485
140
0.0006820144552504598
141
0.0006916744233025475
142
0.0007891272884087834
143
0.0005722147687843507
144
0.0005827708413209331
145
0.0005940243205001169
146
0.00076937823414083
147
0.0006841708369437137
148
0.0008686285514816151
149
0.0007773023153549726
150
0.0008073358435570986
151
0.0007387238491938143
152
0.0007887477027911792
153
0.000717523072189941
154
0.0008193233125964324
155
0.0006928867197423801
156
0.000603916495376359
157
0.0007396171976223646
158
0.0006121355835467659
159
0.0007407197434957385
160
0.0007658135607027724
161
0.0006873980560904082
162
0.0007806675316022227
163
0.0006228913331040998
164
0.0006331695825222531
165
0.0005714592222931814
166
0.0006309288999695558
167
0.0007400271634526252
168
0.0005918784965111601
169
0.0006467039762724561
170
0.000763093816579451
171
0.0006085472938504476
172
0.000640597717971143
173
0.0005152013684560808
174
0.0006553749832589996
175
0.0007055687343599979
176
0.0007065163554591089
177
0.000722441699304879
178
0.0006767186892377469
179
0.00079129482744661
180
0.0005431988163712609
181
0.0007353640503230455
182
0.000627520989210382
183
0.0006330755437661212
184
0.0006154697245173812
185
0.0007350951995607306
186
0.000662829621437897
187
0.0006600541693052795
188
0.0007069267779789532
189
0.0006396758952342157
190
0.0005826028337383659
191
0.0006187491178443262
192
0.0007882369902898747
193
0.0006963807451447619
194
0.0007303743195261915
195
0.0005377276613774308
196
0.0006346509389908748
197
0.0006707588091674877
198
0.0006826370343637317
199
0.0007706407299201463
200
0.0007223201961429382
201
0.0006331120824654564
202
0.000816293716311268
203
0.000694104722451194
204
0.0007277365479732501
205
0.0007942822642487524
206
0.0006161512734325409
207
0.0006454328189974142
208
0.0006572445046659516
209
0.0006912409480125659
210
0.0007562344700263536
211
0.0006651030967666114
212
0.0007750048256391392
213
0.0005804880312958253
214
0.0007300133027549895
215
0.0007285281160338521
216
0.0006474238240904024
217
0.0008803197382578078
218
0.0006830455531993406
219
0.0006870519073188723
220
0.0007775619352369483
221
0.0007295821818622564
222
0.0006377708367786739
223
0.0007938429950489948
224
0.0006979633947795225
225
0.0006807283274522082
226
0.0006215644556715397
227
0.0006698277855893862
228
0.000678831808466185
229
0.000692708016886853
230
0.0007383651755197074
231
0.0007126715337298551
232
0.0005790099909257585
233
0.000646355665865215
234
0.0006495713827669616
235
0.000663319105943272
236
0.0007775369735361097
237
0.00066275358579885
238
0.0006483026157761527
239
0.0007131274471901309
240
0.0007474928964077241
241
0.0007289731253108292
242
0.0007606595080153126
243
0.0005970379233428163
244
0.0006820141110221329
245
0.0006296884879198273
246
0.000692045087768567
247
0.0007433920966665447
248
0.0006076983034795397
249
0.0006774800702324331
250
0.0006277771074172772
251
0.000828422444377471
252
0.0007661299481408465
253
0.000661698894017166
254
0.0007817587827044892
255
0.0005945145844064651
256
0.0007966960648736376
257
0.0006458657701265289
258
0.0005767717246537792
259
0.0006116926067569697
260
0.0006691771915090517
261
0.0006768442690439143
262
0.0007577725233191846
263
0.0008221255786706913
264
0.0006823091270646056
265
0.0006133590438159402
266
0.0006848958899556938
267
0.0007365954006825409
268
0.000704612045588475
269
0.0006618809912486553
270
0.0006728362015946827
271
0.000807906080016515
272
0.0007347197225599667
273
0.0006144121731543583
274
0.0006317234921365369
275
0.0006869870191500203
276
0.0007654615060404892
277
0.0006809401044030722
278
0.0007640180803650888
279
0.0006701017480909248
280
0.0005993519034588462
281
0.0007203641582222199
282
0.0006749616823815998
283
0.0007422484825382774
284
0.0008014444495639224
285
0.0006449679665644713
286
0.0007951471101724768
287
0.0006035662993266367
288
0.0007614435190487483
289
0.0007309383711439798
290
0.0007750244334841911
291
0.0006505919000669698
292
0.000731498544331587
293
0.0007344375242832039
294
0.0007655657555782034
295
0.0006920599683423455
296
0.0007863111721799895
297
0.0006220256723156236
298
0.0007107418897235771
299
0.0006824111024074797
300
0.0007015889500229792
301
0.0006993574894918799
302
0.0006741488364026368
303
0.0006915435661932819
304
0.0006972913401960331
305
0.0007673065165239491
306
0.0006420213055133086
307
0.0006932914448584395
308
0.0007837301626692979
309
0.0005824136350024531
310
0.000685964771394853
311
0.0006563588902143053
312
0.0007464843936608553
313
0.0006900371811425172
314
0.0006603516600332966
315
0.000780241494371123
316
0.0007900678286650919
317
0.0007461594608273021
318
0.000635452150714377
319
0.000666190505922539
320
0.0007019457627231719
321
0.0006767349123422908
322
0.0006505905028919686
323
0.0007512053715978801
324
0.0005878250088726102
325
0.0006500191267062563
326
0.0006749015390546037
327
0.000589080624751971
328
0.000587338802700472
329
0.0007678304479125088
330
0.0006730231741218132
331
0.0005648835246680381
332
0.0007584649936602446
333
0.0007223348903211046
334
0.0007693114759167508
335
0.0006017721849113001
336
0.0006648928216307165
337
0.0006801281299948858
338
0.0006058566927901459
339
0.0006692603962273754
340
0.0007593309537345697
341
0.000735472156794058
342
0.0008413729541518408
343
0.0006474631466148235
344
0.0006493651893290377
345
0.0007137462454930049
346
0.0007193079360735045
347
0.0008736618281950728
348
0.000796481331223797
349
0.0006331068193250306
350
0.0007216390732962605
351
0.0006280475399979967
352
0.0007198651757394113
353
0.0006524119932456758
354
0.000704218644614483
355
0.0007238894334585484
356
0.0008427312296227157
357
0.0006673827351904679
358
0.0006635640341646335
359
0.0006481015749134491
360
0.0006578441592913711
361
0.0006585524451825648
362
0.0007143693875875603
363
0.0008673228626996236
364
0.0006197631676313132
365
0.0006956797972990922
366
0.0006105942185267268
367
0.0007531268983868107
368
0.0006710302043819937
369
0.000768177052660895
370
0.0007518571066031708
371
0.0005851475913832111
372
0.0006738225502238695
373
0.0007142820823525983
374
0.0007057202324259326
375
0.0008013781009209415
376
0.0007851636307817533
377
0.0007260301819447402
378
0.00068744733946773
379
0.0006011749002675802
380
0.0006775569374408858
381
0.000715575294614654
382
0.0007093224465684054
383
0.0006184564925092473
384
0.0006660302622842033
385
0.000659496868942472
386
0.0006764012424051479
387
0.0005684033965888885
388
0.0006653379752308985
389
0.0008064389006551596
390
0.000679489345885635
391
0.0007461461267036179
392
0.000739318748558997
393
0.0006261222594032101
394
0.0006856278897684819
395
0.0006954106334088429
396
0.0007331262838926245
397
0.0007908020219414288
398
0.0006534106495483859
399
0.0006452481914697233
400
0.0007744873860795515
401
0.0008081779708809285
402
0.0007152879745756113
403
0.0006923945470984248
404
0.0006202590094519527
405
0.0007765121609866443
406
0.0007602245331647294
407
0.0007328300550891419
408
0.0005943102448169793
409
0.0006574963910044063
410
0.0005225962023606844
411
0.0007305449768721439
412
0.0006109627095963758
413
0.0006425482349926551
414
0.0006517010782418416
415
0.0006243570836482881
416
0.0006294567272907718
417
0.0007143235738204143
418
0.0007389119526810565
419
0.0005454019950652741
420
0.0006327485697085085
421
0.0005835438990732178
422
0.0008234799998527051
423
0.0007618881853641797
424
0.0007912115322024788
425
0.0006998538217279217
426
0.000573433349500317
427
0.0006915608206168131
428
0.0006727455859432597
429
0.0006652776006065115
430
0.0007141002296001061
431
0.0007529271561851336
432
0.0007454743562626254
433
0.0007128665374758319
434
0.0006801759360504114
435
0.0006852777180859234
436
0.0007401242958081047
437
0.0006133711343686707
438
0.0006567523775819601
439
0.0007014740217177753
440
0.0006880682523958819
441
0.0007383685454445248
442
0.0006727223970978558
443
0.0007903386031886664
444
0.0005749790885381295
445
0.0008461321638356384
446
0.0007214117484310738
447
0.0006101041586506198
448
0.0007566353369785056
449
0.0007917065836427049
450
0.0006693467593012994
451
0.0005742435452732206
452
0.0007765525816023184
453
0.0006343105544269757
454
0.0007966725285731726
455
0.0006136363579257199
456
0.0007540804123091464
457
0.0007001345149864046
458
0.0006863208387825316
459
0.0006316278017963968
460
0.0006742327980245659
461
0.0007390221241248505
462
0.0007029742947424317
463
0.0006514732600268522
464
0.0006692433591340337
465
0.0007689043830536328
466
0.0007269886744493244
467
0.0007469780735181906
468
0.0007897547208338253
469
0.0006567700278737049
470
0.0008267287552674777
471
0.0006580363141102171
472
0.0006362714924931708
473
0.0006965806365596336
474
0.0006627323995554007
475
0.0007765650964607542
476
0.0006108624038492318
477
0.0006673195685829269
478
0.0006210640270722592
479
0.0007284638833307575
480
0.000684931406690309
481
0.0006472781441735967
482
0.0008835442265329643
483
0.0006428098200574342
484
0.0006413588969022833
485
0.0007597182078273152
486
0.0006405295767138115
487
0.0006182086132022102
488
0.0007477818710471592
489
0.0007777350424112752
490
0.0007498953539775738
491
0.0007299776430027289
492
0.0007823705471719084
493
0.0007082214325949846
494
0.0006376005602273662
495
0.0005923909396863826
496
0.0006885552500283204
497
0.0006745512977918968
498
0.0005662935988005646
499
0.0007601626538140016
500
0.0006087777432064744
501
0.0007735054571849809
502
0.0007637926298056063
503
0.0007497059619344296
504
0.0006800860839088608
505
0.0006691582154574713
506
0.0006721372880367091
507
0.0006943450406038594
508
0.0006083976860230676
509
0.0007008736022555525
510
0.0006639343161557407
511
0.000663875317185073
512
0.0007017702495738573
513
0.0006708156043062593
514
0.0006219773708809087
515
0.0007159858327787305
516
0.0007534773446797151
517
0.000743683690238685
518
0.0008012919100094579
519
0.0007948504998459444
520
0.0007744722901982163
521
0.0006491394066583886
522
0.0006649974439486689
523
0.0006590673674462232
524
0.0006817979306593589
525
0.0006900288185213976
526
0.0007981288706521603
527
0.0005696718265797135
528
0.0007392285111395845
529
0.0007535840903964727
530
0.0006237806397348047
531
0.000609459046243364
532
0.0008146956326156928
533
0.0006204649375918813
534
0.000631269865781825
535
0.0008268791796273086
536
0.0007956877693430594
537
0.0006692592755490202
538
0.0009343635603558047
539
0.0006663359610113268
540
0.0006975180570196048
541
0.0007588517839877103
542
0.000762016888290597
543
0.0007170361222277454
544
0.0007011550335039789
545
0.0008225509039747633
546
0.0006771922578403637
547
0.0006319284062776071
548
0.0007087575928685054
549
0.0006810844428016627
550
0.0007104939308484109
551
0.0006717439371852334
552
0.0006905409970594136
553
0.0006896370383785425
554
0.0007833726662355109
555
0.0006408677963640523
556
0.000719109881761709
557
0.0007432674894411669
558
0.0008270301659848209
559
0.0006846681337818331
560
0.0007742906753442774
561
0.0008088974221066884
562
0.000735803487074216
563
0.0007653614441978299
564
0.0007181689871708571
565
0.0007651752775601139
566
0.0007507035536462683
567
0.0006255064206911347
568
0.0006286263758527971
569
0.0007369987715200627
570
0.0007207365918837705
571
0.000631586606227078
572
0.0006603585495375878
573
0.0007381714407094125
574
0.0007685744229878571
575
0.0007525320934491007
576
0.0007131924617025924
577
0.0006028131787809407
578
0.0007407078716918185
579
0.0007510058942292812
580
0.0005644932844796991
581
0.0007717511734810165
582
0.0005961089481912622
583
0.0007194027039956716
584
0.0006800453160725307
585
0.0007572740791804587
586
0.0006813013186815864
587
0.0008662455822519079
588
0.0006977462743305852
589
0.000726148101997938
590
0.0005257043361868537
591
0.0006583814693905498
592
0.0007612565230936812
593
0.0007260929284912305
594
0.0007019969988556753
595
0.0007673085131130308
596
0.0007375869666666014
597
0.0006945944702876346
598
0.0007783412247318261
599
0.000634619558469518
600
0.0006510239334727991
601
0.0007130629112285783
602
0.0007021077714415489
603
0.0006604638051854474
604
0.0006353245712077494
605
0.0008118028015558806
606
0.0007601194893889163
607
0.0008160534901873916
608
0.0007496859637208753
609
0.0005952172051471009
610
0.0006501373588678531
611
0.0006623090782501413
612
0.0007901455392746097
613
0.0007622949880351132
614
0.000656818516838818
615
0.0006473691580543521
616
0.0006661088868242233
617
0.0006348784521027064
618
0.000754888705151679
619
0.000631276505398545
620
0.0006404491671949603
621
0.0007157105105838472
622
0.0007591912541246396
623
0.0006866396679058143
624
0.0007713156614355002
625
0.000640080268337987
626
0.0006963827207543564
627
0.0006482616757668622
628
0.0006176658282580863
629
0.0007068084847661942
630
0.0006164604668194361
631
0.0006207442014692314
632
0.0007131463305488766
633
0.0006990864001206723
634
0.0006030301448486691
635
0.0007002446188359229
636
0.0007735048945317096
637
0.0006578752336403814
638
0.0007883994685888022
639
0.0006710900395661083
640
0.0007408115068725994
641
0.0007722930480889908
642
0.000656632329984759
643
0.000622669201326687
644
0.0006995044963796229
645
0.0006155216314547233
646
0.0006639398655008633
647
0.0005997848602916586
648
0.0007430454414848631
649
0.0006942010551488506
650
0.0007302926351345667
651
0.0006547865075452995
652
0.0006991197034765602
653
0.0007168123240859161
654
0.0006842465573656721
655
0.0005337560597008047
656
0.0006903366877511684
657
0.000733480837975776
658
0.0007420013626734216
659
0.000666825405365744
660
0.0007842722535183244
661
0.0007180058315464305
662
0.0006728548467876223
663
0.0005971679274904214
664
0.0006986748039609335
665
0.0007697636371719506
666
0.0007807973121602794
667
0.0005851485956115286
668
0.0006575533703391304
669
0.0005626387500080381
670
0.0005783313725306124
671
0.0005977190656976933
672
0.0006852315308214713
673
0.000712591356389234
674
0.0006502362520632753
675
0.0007584634051336168
676
0.0008080846604266333
677
0.0007040108299610658
678
0.0007033492639401505
679
0.0007309982303665889
680
0.0007294423450784255
681
0.0005803641487537939
682
0.0007212844615586977
683
0.0007038552149953433
684
0.0006147311840370832
685
0.0006452884555843158
686
0.0006878092572901
687
0.000586057369139643
688
0.0007421257232014648
689
0.0007004561530315446
690
0.000845962787744456
691
0.0007660333402979175
692
0.0006568668501910711
693
0.0007128644449991363
694
0.0006976511183782655
695
0.0007673395135542024
696
0.0007264826349031547
697
0.000680615466347666
698
0.0006971743916941357
699
0.0007913849163425752
700
0.0007116730006481208
701
0.0006856294482170404
702
0.0005769015073928746
703
0.0007933488274511204
704
0.0006640977347358006
705
0.0006178184015082679
706
0.0007254172286545876
707
0.0006271693962699134
708
0.0009193312355239413
709
0.0006977219575065665
710
0.0007311818609662885
711
0.0006987950681196418
712
0.0005641699357095909
713
0.0008278560550467206
714
0.0007432271246594865
715
0.0006379054404499197
716
0.0007083509758596938
717
0.0006844339234862122
718
0.0007309328095336913
719
0.0005914021288255029
720
0.0006933097870648623
721
0.0007122569726072587
722
0.0006728821989691577
723
0.0006885233522143614
724
0.0007729584194714245
725
0.0006073880749701392
726
0.0007304767370053278
727
0.0007614834624311767
728
0.0005687540522514509
729
0.0006273196095185409
730
0.0006821893441623558
731
0.0007689116219013803
732
0.0006537544633543578
733
0.0006599510925986583
734
0.0008112930800810517
735
0.000885788088439704
736
0.000701294787614969
737
0.0007036818237616451
738
0.0007003799290476724
739
0.0007736913636608925
740
0.0007342977405492913
741
0.0007503506562364366
742
0.0007615201460206619
743
0.000746194090001558
744
0.0006148621314467876
745
0.0007202853077933677
746
0.0005659442083972748
747
0.0006357774748122696
748
0.000719791077953361
749
0.0005903344564918404
750
0.0007456988149015072
751
0.0007882958629019639
752
0.000676020601976991
753
0.0007284236431310427
754
0.0006017918642708912
755
0.0006430229016610229
756
0.0007708809065906933
757
0.0008093308664066322
758
0.0007146240498859789
759
0.0007195572429033967
760
0.0006551311008925538
761
0.0007156319131266827
762
0.0008807838374324234
763
0.0005541552481129649
764
0.0007062573349682461
765
0.0007428864698134319
766
0.0006834973198598665
767
0.0006803201358374683
768
0.0006295045840296756
769
0.00067386290097776
770
0.0007569153538454135
771
0.0006778765722254122
772
0.0006555225120271369
773
0.0006168899487492039
774
0.0007727460404339542
775
0.0007556532953083431
776
0.0007042094985483765
777
0.0006102268033748075
778
0.000658980025628736
779
0.0006720361596993801
780
0.0007547507559099247
781
0.0005763958541664557
782
0.0005741445610487875
783
0.0007002655873456524
784
0.0008170164364498787
785
0.0008013419641373139
786
0.0007297574563298326
787
0.0005204019738228736
788
0.0008104656567067635
789
0.0006923264293622795
790
0.0005971531700258338
791
0.000758078108830693
792
0.0008475350792017178
793
0.0006596014545158051
794
0.0007379708718828317
795
0.0006164445354710987
796
0.0006822429147783128
797
0.0007233695948069342
798
0.0007289288942891404
799
0.0006865228734403212
800
0.0007405494074289959
801
0.0008011429416888125
802
0.0007039074974162206
803
0.000697654220636701
804
0.0007022304789131844
805
0.0008260522454028314
806
0.0006608602848000127
807
0.0007342712449049635
808
0.0006210676415665564
809
0.0007345457129253459
810
0.0007051067766019914
811
0.0008145450830193308
812
0.0006635947850265854
813
0.0006920952312014957
814
0.0009007647889634137
815
0.0007084537249789584
816
0.0007580672089978811
817
0.0006881118157208896
818
0.0005912594290281402
819
0.0006802174349674025
820
0.0006394189649854677
821
0.0006745461933781809
822
0.0005710006125911779
823
0.0007944643677500904
824
0.0005929820407474929
825
0.0006816948307639232
826
0.0006261466875265823
827
0.0007192855417395297
828
0.0007604754840816227
829
0.0007477445368600877
830
0.0005834972788468525
831
0.0007839653024716288
832
0.0009086061314430627
833
0.0006822120748167807
834
0.000631183102961074
835
0.0008471725849015455
836
0.0007450882133883216
837
0.0006535648315689458
838
0.0005950449102038274
839
0.0007714351441757324
840
0.0007122605588975794
841
0.0006011328112239616
842
0.000648671385599489
843
0.0006742819733483975
844
0.0006365550078084339
845
0.0006221879697965077
846
0.0007475924625497758
847
0.0005996901887508847
848
0.0007176306684034101
849
0.0007757325866776764
850
0.000791793621204085
851
0.0007022938040141694
852
0.0007421595830274799
853
0.0006798746105501743
854
0.0007373549719826817
855
0.0007311787845644014
856
0.0006499345029386727
857
0.0007173435764128969
858
0.0008402364635555145
859
0.0006774165275133916
860
0.0007221608275824026
861
0.000723133911775311
862
0.0007581996572125095
863
0.0007313524231876492
864
0.0006131238437564746
865
0.000696312639028014
866
0.0007048709095472081
867
0.0008507398658944342
868
0.000668554353227417
869
0.0006447963625088989
870
0.0005929142237390573
871
0.0006943209304173757
872
0.0008308356745440538
873
0.0007627868874276165
874
0.0006841950376038092
875
0.0006523310307348764
876
0.0006155977912314488
877
0.0007516988095063426
878
0.0007820358095900581
879
0.0007906940736811465
880
0.000703635531799649
881
0.0006825108279041786
882
0.0007098153109479241
883
0.0007379820812011783
884
0.000693598623197783
885
0.0007493227838576131
886
0.0007458945110254379
887
0.0008667277946049483
888
0.0007030543655142815
889
0.0007039821347823156
890
0.0006989441480423896
891
0.0006906082913353194
892
0.0006090109329471943
893
0.0006455237981086905
894
0.0006721525860226286
895
0.0006699006706778783
896
0.0007104994792532591
897
0.0007670612728228399
898
0.0006945377677681157
899
0.000674123101582165
900
0.0007779996179764283
901
0.0007975094488167434
902
0.0007488840321493835
903
0.0006101871045631516
904
0.0007614107088408896
905
0.0006566741214673454
906
0.0008230119081940588
907
0.0008140211324317005
908
0.0007929409699762151
909
0.0007709224703914543
910
0.0007096376376398502
911
0.0007066928804569314
912
0.0006384655441130938
913
0.0007277247298499735
914
0.0007542266335256627
915
0.0005882736776173962
916
0.0007200436121772101
917
0.0006778097934256859
918
0.0007065329869031253
919
0.0006792624388323655
920
0.0007430029920485334
921
0.0008532575267000492
922
0.0006589278176819493
923
0.0006252668416273963
924
0.0006786761770164179
925
0.000638953057548084
926
0.0008149716732310442
927
0.0007351995007592087
928
0.0007896965749637664
929
0.000820823465128075
930
0.0006360747648691947
931
0.0006255697763934932
932
0.0007304153755436896
933
0.0007367522459759066
934
0.0006575363454161694
935
0.0007518674363538695
936
0.0007395634897880265
937
0.0007582260057848345
938
0.0006584117984680009
939
0.0007855707182241311
940
0.0007610594172637605
941
0.0006689016727924138
942
0.0006811539440945694
943
0.0007832349440719747
944
0.0006433295442183634
945
0.0008259043057666694
946
0.0006612156349399176
947
0.0006263290765252627
948
0.0006834224508097303
949
0.0007585527962107217
950
0.000629378782180754
951
0.0007408236995467269
952
0.000697849813518589
953
0.0007036547571101699
954
0.0008002557261272194
955
0.0005674857588147943
956
0.0008182052615217912
957
0.0006686642009887983
958
0.000709793950614048
959
0.0007548975641352998
960
0.0008085141317595454
961
0.0006302214416407828
962
0.0007911835531597304
963
0.000709201057128098
964
0.0007019981581298567
965
0.0006812138490174344
966
0.0007321276054556464
967
0.0006970306672800492
968
0.0006093811709094397
969
0.0006510662031390307
970
0.000631783912980515
971
0.0006007722996826352
972
0.0007648619720182947
973
0.000546118002576794
974
0.0006114199078278394
975
0.0006498059908992449
976
0.0007422946139638702
977
0.0007684566601696634
978
0.0007682537737291293
979
0.0006349375848215488
980
0.0006882325041744439
981
0.0005313029784886219
982
0.0007172796657170119
983
0.000715236352954285
984
0.0006929001987351609
985
0.0006463604790115334
986
0.0006595861041518284
987
0.0005785095584515354
988
0.0007204426518113402
989
0.0008367816120544239
990
0.0006740005101680342
991
0.0007536890397979366
992
0.0006025800173245374
993
0.0006858812521003414
994
0.0006883941636084182
995
0.0007176520497286538
996
0.0007855313541924622
997
0.0009111747971839696
998
0.0007093160349374816
999
0.0006999450562234572
[538 708 997 832 814 735 482 762 217  16]
1 538 0.0009343635603558047
2 708 0.0009193312355239413
3 997 0.0009111747971839696
4 832 0.0009086061314430627
5 814 0.0009007647889634137
6 735 0.000885788088439704
7 482 0.0008835442265329643
8 762 0.0008807838374324234
9 217 0.0008803197382578078
10 16 0.000879116330910124